249592940
249592958
249592960
249592973
249592963
249080557
249592961
249592976
249080567
249592933
249593003
249592995
249593051
249592974
249593014
249077734
249593017
249593025
249593030
249593035
249593040
249592951
249077755
249077767
249593049
295668648
249593066
249593122
249593067
249593072
249593093
276973520
249080591
249080588
295668649
249077795
249592950
249593075
249593170
295668651
249593152
249080582
249593165
249077796
249077815
249593000
295668652
249593124
249592939
249593126
249593131
249593130
249593136
249593137
249593156
249593157
295668654
295668655
249593172
249593175
249593180
249593677
249593182
249593185
249077905
295668656
249593213
249593216
249593194
249593169
249593231
249593238
249593195
249593242
249593244
249593251
249593285
249593252
249077941
249593264
249593274
276973521
249593278
249593279
249593290
249593297
249593348
249078044
249078052
249593311
249593339
249078072
249593499
249593345
249593449
249593342
249593325
249593343
295668659
295668660
249593452
249593384
249593393
249080644
295668662
295668663
249593376
249078116
276973522
249593326
249593443
249593461
295668666
249078180
276973523
249080668
249593487
295668667
249593498
295668657
249593442
276973525
249593695
249593523
249595645
249593526
249593603
249593701
249593543
276973524
249593580
249593558
249078295
249593564
249078389
249593575
249593640
249593600
249593508
249593588
249078316
249593702
284123648
249593632
249593645
249079609
249593674
249593684
249593212
249593704
249593703
276973526
249593775
249593741
249593738
249593732
249078431
249593763
249593765
249593710
249593718
249078406
249078438
249593817
249593740
249078461
276973527
249593814
249594586
249593813
249593815
249593748
249593818
249594389
249593841
276973529
276973530
249593838
249593845
249593853
249078543
249078541
276973528
249593864
249593865
249593834
249593836
249593874
249593828
249593988
249593181
249593891
249593888
249593895
295668672
249593993
249593934
249593940
249078647
249593964
249593963
295668673
249593908
249593981
249593983
249593987
249593999
249594008
249594023
295668674
249594010
249594015
276973531
249594025
249594028
249594021
249593998
249594043
249594033
249594037
249594038
249594027
276973532
249594052
249594046
249594070
249594057
249078768
249594082
249594079
249594071
249594101
249594100
249078869
249594108
249594226
249594160
249594223
249594119
249594127
249594130
249594171
295668676
249594219
249594244
249594229
249594242
249080821
249594183
249594218
249594227
249594186
249078847
249594203
249594228
249594094
249594206
249078880
295668678
295668679
249594260
249594312
249594371
249594370
249594274
249594287
249594285
249078939
276973533
249078894
249078893
249594268
249078897
249594369
249080852
295668681
249594336
249594338
249594351
249594326
249594320
249594211
249594162
249078966
249594249
249594187
249594343
295668683
249594354
249594360
249594364
249594365
249594366
249594367
295668684
249594472
295668685
249079010
249594405
249594418
249594427
249594423
249079026
249594428
249080877
249079015
249593463
295668688
249079033
249594373
249079076
295668687
249594442
249594451
249080898
249594479
249594499
249594511
249594480
249594483
249594513
249594493
249595089
249594549
295668689
249594535
276973534
249594530
249080904
249594543
249080911
249594572
249594571
249593621
295668693
249594742
249594603
249594825
295668692
249594608
249594614
249594631
249594652
249594635
249594655
249594653
249594630
249594629
249594644
249594651
249594727
249594656
295668695
295668699
249594809
249594670
249594724
249594685
249079322
249594684
249594735
249594689
249594826
295668698
249594814
249594842
249594699
249594841
276973535
249594579
249594587
295668691
249594749
249594768
249594763
249594771
249594745
249594762
249594777
249594756
249594744
266239992
295668701
249594836
249594767
249594778
249594725
249079384
249079389
249079393
249594791
249594792
249594795
249594797
249594818
249594740
249594823
249594834
249594839
249594835
249594846
276973536
249594862
249594962
249594876
249079529
249079538
295668702
249594916
249594949
249080986
249079551
249594884
249594927
295668703
249594882
249594948
295668704
249594945
249079561
276973537
295668706
249594858
249595456
249080996
249594984
249595081
249079634
249079638
249595085
249595014
249079655
249595020
249595050
249079663
249595043
276973539
249079665
249079684
249595058
249595067
249595139
249595003
249595006
276973538
249595147
249595076
249079697
249595086
249595100
249594972
249595135
249595079
249595096
249079723
249081017
249595120
249595083
249595125
249077975
249079769
249595157
295668712
295668711
295668713
249593214
249595166
295668714
249595170
249595196
276973540
249595179
249595176
249595181
249595216
249595197
295668716
249595201
249081028
249595213
249595225
249595180
276973542
249595227
249595300
249595217
249595220
249595221
249594140
249595247
249595192
249595250
249595248
249595230
249595243
249595252
249595258
249595293
249081038
249595259
276973541
249079899
249079901
249595283
249595226
249595284
249595295
249595231
249595315
249595356
249595322
249079952
249595394
276973544
249595368
249595392
249595325
295668717
249595389
249081068
249595343
249081071
276973543
249595342
249595457
249595367
249595485
249595380
249595386
249081076
249595397
249595405
249080040
249079209
249595417
249080045
276973545
295668720
249595432
249595310
249595430
249595427
249595544
249080011
276973547
276973546
249595470
249595479
249595390
249595483
249595498
249595369
249595499
295668726
249080136
249080137
249595393
249595511
295668727
249595516
249595490
249595489
249595524
249595355
249595529
249595488
249595467
249595353
249595639
249595555
249595553
249595642
249595644
249080213
249595567
249595569
249595587
249595351
249595591
249595563
295668728
249595623
249595624
249595614
249595603
249595638
249595602
249595577
249595653
249595651
249595665
249595686
249595666
249080313
295668729
249595667
249595681
249081132
249593127
249595690
295668730
249080335
249595692
249080339
249080342
249081133
249593043
249595701
249595702
249595710
249595711
